batch_size = 250
loss = mse
optimizer = adam
model_name = nvidia
verbose = 1
epochs = 5
training_samples = 29368
validation_samples = 7344

--------------------------------------------
val_loss = [0.03625796330496182, 0.029025489172222568, 0.024052638375892228, 0.02093065602497922, 0.0203126934316407]
acc = [0.102492514106736, 0.10256061611432725, 0.10439935197495076, 0.10399074403219508, 0.10712340430797235]
val_acc = [0.10620915455934399, 0.10539216081934427, 0.10457517019186924, 0.11383443017346147, 0.10539216333127749]
loss = [0.05130131393610148, 0.03800040323112705, 0.03409663621550342, 0.03266627130813306, 0.029490642041045064]
